1.770404367289095831e+02 -1.097498003091157589e+05 2.543823238335150005e-01 2.444727537829308403e+03 1.380529612408026310e+02 2.371084980987717028e+00 8.817474515529585832e-02 1.717637823630330518e-01 -3.889489585256644677e-03 -1.130729021938813306e+00 1.759325899868429410e-01 4.702949864825892723e-01 2.559496068374542133e-02 5.222215164924490401e-03 1.976352316876278103e-01 4.810467993325065993e-03 -1.743216382394305597e-01 -6.669786073936431747e-02 4.627299820721304802e-02 6.113062508893006564e-02 2.189119145670704314e-01 6.031648165623861024e-02 -4.688189675659680533e-02 -1.045762734587752686e-02 -1.656362475527876632e-01 7.083586363229960048e-02 3.228379075731702685e-01 1.604382228492134965e-01 1.075343982010985161e-02 4.539504844360214841e-02 -5.377076991971181386e-01 7.357620950728109843e-01 -5.964711797265732744e-03 1.447566028163443264e+00 4.092411534623065228e-02 -2.945904215888530242e+00 6.422261050155356199e-02 6.633940786016978564e-01 -1.104719532527466686e-01 -1.817103963439146205e-03 6.293168613058437721e-02 2.201177117559684204e-01 1.177998283630289494e-01 -2.140175621936355188e-01 -4.448947953110182763e-03 -2.116139577063913535e-01 2.153002579504712313e-02 4.253073039312812303e-02 1.020465864506027442e-03 -1.561899417497603915e-01 -5.878356778252978587e-02 9.766684419698178077e-02 1.937457421023682236e-01 1.499775004099914266e+00 2.049055298841727657e-01 -1.257838335739750457e-01 -1.878478020868935783e+00 3.187974179335210656e-01 -1.921609747473745217e-02 -3.774658308968847215e-03 -3.625956216949662025e-02 1.816856856559224964e-03 -3.346556020093772316e-02 7.168292382283984743e-02 -1.024122982749414755e-03 1.490459647494072129e-02 8.204666325931976936e-03 2.496223060123328730e-03 2.330025746910464185e-02 1.254891374571022802e-03 -5.075561575776582146e-04 -7.202510436053996372e-03 5.476125530044157960e-03 1.269014605782283443e-05 1.157235174518228158e-03 7.703808469219138727e-03 -8.797258403891589085e-03 -1.167949952731709871e-04 -1.656542876444581079e-04 -1.285385676378363691e-03 -3.466906110092051428e-03 4.477471067945143664e-03 -6.968419548488990339e-03 9.479461929489362004e-05 -1.053409931866625040e-03 1.625546986573436770e-02 -7.598236658948346808e-03 -1.881479182117367114e-03 -2.342465940888847041e-03 -7.364283787087710920e-02 -4.992934543199876660e-03 8.884837197786547803e-04 -3.915865896270820726e-03 4.530094696634479404e-03 9.711360404266806273e-03 1.300880793643611035e-03 9.930582764751815991e-03 4.991138064956133786e-04 -5.992271832906892947e-05 -9.336897335974099488e-03 -9.384222247796732358e-04 1.732410034310583003e-03 3.420436502242075322e-02 -5.540467465615168258e-03 -1.201226780654680772e-03 -6.096745672119064166e-03
-1.097498003091157589e+05 1.121951622146825409e+10 1.488872840471669861e+03 2.836565744984134566e+06 -3.524237110594153055e+05 -1.516028982919089322e+04 -1.228086495526282249e+02 -1.393397154430464013e+02 8.482740760352353249e+00 2.162579883341637924e+03 -4.301200041680250479e+02 -1.099514856610701599e+03 -2.426696641582543634e+02 -7.743919605383323024e+00 -1.288658145639697068e+02 2.403792205110540579e+02 1.833821196245850160e+02 1.569245800413006577e+02 2.499596862023512926e+02 4.498293120062060666e+02 -4.291859837812962297e+01 1.754699665030892675e+02 1.457827510214856090e+02 -3.250629687645913464e+02 -1.996831721230942378e+02 -3.367699490957244990e+01 -2.620959783376874270e+02 -3.773311994441590969e+02 7.135038477648333810e+01 -4.939715832325603628e+01 -3.829119504060663530e+02 -5.607895187556954397e+02 -1.097702311536496111e+00 -1.127276385185155959e+03 4.380355828834663612e+01 1.617659300335887792e+03 5.244551175162988557e+02 -4.967543698881325440e+02 3.143796453352111939e+02 8.301124021402387143e+00 2.943457140823400096e+02 -6.703077784137376511e+02 -5.494017933333730070e+02 5.880983519196797715e+02 2.496314804883992906e+02 -2.123725847008744552e+02 3.784949825186122752e+01 -4.270663172121894604e+02 2.626845182875205751e+02 1.006690503307584237e+02 7.734971239014089406e+01 4.622245235647451267e+01 -1.203830738036173358e+02 -8.773547829842428882e+02 1.845056353739169595e+02 4.947071354397519940e+02 4.577752928638259391e+02 8.407532033992578135e+01 -3.437086010331718171e+02 -6.744367664113851788e+02 -8.963414440136456278e+02 3.683554328130823706e+03 7.234419875913415865e+01 -2.185120316464923235e+03 5.187959116511411395e-01 -4.270894690363398638e+00 -3.952623002556499898e+01 6.901929298922006240e+01 1.588227349024007822e+02 5.922392821151071018e+00 -2.242898595418572505e+00 1.921768028610676140e+02 -3.325664125492178869e+01 -4.490666924099581792e+00 -8.124328198450157856e+00 -4.619375161875512958e+01 1.462098990410387103e+02 2.885904753506286369e+01 -5.548376834854440887e+00 2.141183097988592010e+01 2.620997814640672985e+01 -1.793691097855314664e+00 -5.955098642978001777e+01 -5.282987457367530837e+00 -3.738049841824280861e+01 -1.658770339009533146e+01 5.256836238304931896e+01 1.043434092022925697e+00 2.167582535539351696e+01 1.964703526649152309e+03 1.169426081458192357e+02 6.693343660271016127e+00 8.888277362734891085e+01 -1.096360069179472987e+02 -1.909224724202919532e+01 -4.952785465043100999e+01 4.266906641694225755e+01 -1.511359912073494982e+01 -5.595810732961639644e+01 -2.316987710136348966e+00 -3.974786592922870287e+00 1.680464621836956596e+01 -2.470244479159604452e+03 -4.803200207631788743e+01 1.756112564367306206e+01 5.945023835558325942e+01
2.543823238335150005e-01 1.488872840471669861e+03 2.109646170518979513e-01 3.699062655911829367e+00 2.964445932929639316e+00 1.037752811476253312e+00 -8.867473630003255575e-04 -5.040343324674572030e-03 2.433324229700209877e-05 -4.358862898795510046e-03 4.742208030226920286e-03 1.289365283192592596e-02 -2.201406516871418865e-03 1.454261494720080230e-05 -5.187376616049982347e-03 1.494428452873922944e-03 2.887355485660695557e-04 4.971492559930310333e-04 5.877541611761525134e-04 1.279647100781461811e-03 2.552792277842185365e-03 1.479280483749506516e-03 -2.002716760464746601e-03 -1.294710313244495361e-03 -2.037299590019168733e-03 -3.886190707720865289e-06 8.763129806935021984e-03 -3.158356338133337486e-03 1.362088264322448979e-04 1.015452676887234219e-03 -9.597609398665718494e-03 -3.225392547848631580e-02 -2.545928843646095294e-04 7.864035236659151773e-02 -1.446659198525920191e-03 -2.303399222174513233e-02 -7.686349371173863652e-03 -1.396483321229642464e-02 -3.623837730547371794e-02 9.770149979291068972e-05 3.530413797032278672e-02 -1.770318345758353264e-03 8.990667130966526616e-03 1.067483104108046289e-02 5.152946674913208049e-03 -1.691110952997821118e-02 -2.514550391940242359e-03 -1.068448634306805659e-02 3.591740392085009375e-03 -2.749489287670797699e-03 -1.757783031445766088e-03 1.397713289993361349e-02 -5.163043373753855095e-03 1.141742610855245033e-01 -2.576934501005455347e-02 -1.954513310453393198e-03 -9.200087619138879944e-03 -4.201276742493870175e-02 -3.523754772096755056e-02 -3.280862988168445349e-04 -2.995727413173049705e-04 -1.367811125351837964e-02 -3.405621471298760821e-04 1.464633244077368293e-02 7.383589991551009891e-05 -2.105974535967503872e-05 1.051085299984685716e-04 -3.696216422052850891e-05 -2.612478816965058863e-04 -3.035158427586476140e-04 3.845991491935333770e-05 5.398522642573085886e-05 -1.642410294195166903e-05 -1.074231936830201205e-04 -6.164753838672870330e-04 1.689857572897378313e-04 1.285538991762231174e-04 -1.095114820568454254e-04 -2.089801513387349279e-05 -8.826216968305401474e-05 4.781736657937778748e-05 -9.680068168347086928e-05 5.466391237830011242e-04 1.523763757084595888e-04 1.157503020365806806e-05 3.045797879818984801e-05 -4.937466240473862341e-04 -1.039362664251012214e-04 -2.256607280807518547e-05 2.965263531712567738e-03 1.842825116503152912e-05 -5.370512434643815678e-05 -5.537318202065055935e-05 -2.674309482337152138e-04 3.135630017967599653e-06 -2.902939658634356795e-06 -2.705751550014200688e-04 -2.044760607917891563e-05 -1.149962424891610562e-04 3.210880310747532302e-05 -1.117118272355618452e-04 -1.168323454378232253e-04 -2.005627403356063237e-03 4.851099412133950644e-06 3.158946059307980850e-05 9.052605214188995560e-04
2.444727537829308403e+03 2.836565744984134566e+06 3.699062655911829367e+00 5.155524589297088981e+07 -1.965627941940217861e+05 2.377151367069704520e+03 -2.336155927491215678e+01 -2.835133910121405520e+01 -3.587852113947419264e-02 -6.812741298720936811e+01 9.086667176989212180e+01 4.416467009836868129e+01 -1.983379694173927632e+01 1.613089874088354525e-01 4.517335970549749113e+00 -3.193840459029584355e-02 -5.100524831896315447e+00 -1.500175864610394871e+00 -7.948280605218793760e-01 -1.659100713703259400e+00 -2.045910084359492398e+00 -3.548795514705279430e+00 -1.475494154476615272e+01 -1.937173631862283685e+01 6.077236003783269780e+00 1.437026763683594233e+01 -5.817370143030058927e+01 1.609024270140762525e+01 1.312337811501598006e+00 1.311517118839213936e+02 -6.202014326935466926e+01 1.893260027394542888e+01 -1.101235952825946329e+00 -3.892709559170573641e+01 3.380943912153156816e+00 1.349762257153183498e+01 4.587381029843253799e+00 -3.702162429551578149e-01 -2.553087268483932348e+01 -1.732956251816895610e-01 -4.867594317479537835e+01 3.264378440088561462e+01 6.955160117816214793e-01 -5.161806564661778118e+00 -1.820543036625086586e+01 -1.144209461345756296e+01 6.089136138608823856e-01 1.087980607059841986e+02 -1.338730983666029672e+01 1.384093727206185065e+01 -1.745637023479923045e+01 -2.103554635333230394e+01 4.481457449410498839e+00 -2.680778536615935081e+01 4.621791736550230922e+01 -1.083845379619143845e+00 -5.953413077700928646e+00 6.445491001208925042e-02 -1.243732845202762505e+01 -3.796689752697907094e-01 1.122772485052743718e+01 1.256251097622538726e+00 4.080299049013575541e+00 -1.618460602189545483e+01 -2.144781071399491645e-01 7.931244221655697757e-01 -2.054198652488839372e+00 -1.515903224671045213e-01 -2.028437440813827486e+00 2.922948306028288812e+00 -1.583175563148512544e-01 4.408497644247908465e-01 -2.001548820363665993e+00 -1.052255124706403810e+00 -2.028663115652177051e+00 6.868714582355643639e-02 -1.900420519300915490e-01 -6.018949238638298116e-01 -5.125503019918460114e-03 -1.937976372614217402e-01 -7.485915564502181319e-01 -2.083755251276764586e-01 6.409913990092281466e+00 5.461932811719758529e-01 -5.084964986100115603e-01 -1.867951487834322188e+00 -3.786609804304015836e-01 2.454138616102803816e+00 -2.430183834123304520e-01 7.301285985247186749e-01 -1.916362252816362077e-01 -7.175704227892992781e-02 -3.456164812791261420e-01 -4.366994159759115313e+00 -5.179054613030980025e-01 -2.622931951491612734e-01 -8.815068968910139136e-01 -1.391448352126378740e-01 2.786682586271385542e+00 1.114382142119118235e+00 -3.465912503634473452e-01 -2.091741463211691521e-01 -7.275491610515542718e+00 6.890023943432734832e-01 -5.804214342885224420e-01 1.086792517946313197e+01
1.380529612408026310e+02 -3.524237110594153055e+05 2.964445932929639316e+00 -1.965627941940217861e+05 1.587411385419273574e+05 1.073128902803244671e+02 2.892579417624293603e-01 1.012590487153190111e+00 -1.258559469757782219e-02 -3.512046772057658472e+00 9.340411433292157284e-01 2.065312986236197190e+00 -3.372220256455514820e-01 -2.517118939514787629e-02 -4.141769766855730173e-01 -2.113496354737830762e-01 -3.618847363316635701e-01 -4.084922238163681829e-01 -5.975658986656744165e-03 1.601186963096065119e-01 -3.241149098099452286e-02 -5.000856898360481750e-01 2.358381842782851512e-01 -8.385259592394180839e-01 1.009985283235317555e+00 1.296139902651473275e+00 -1.888852868339484292e+00 1.895345128668672441e+00 2.761487908937493643e-02 1.295120851468165357e+00 -1.672584662696318336e+00 -3.781432430305571857e-01 -9.054853595561782043e-02 2.541358840820947762e+00 5.458672498458699146e-04 -2.426641724384992482e+00 -6.112775595986578991e-02 4.145565512604235670e-01 -1.346841513521030986e+00 4.508861845996203072e-02 4.435580175625462029e-01 2.733009898045436703e+00 -3.679605039443902270e-01 -6.416227644086698323e-01 -7.313436943434887816e-01 -2.089140804343123214e+00 -1.349859986289133895e-01 2.095946868283288911e+00 -3.382588311463252118e-01 9.597522560307741868e-01 -1.668320390437937062e-01 -3.360693761864502749e-02 -4.267625713831312284e-01 3.245954735674883018e+00 2.681182771029975598e+00 -7.365576300220755268e-02 -2.553397437172711282e+00 -2.697975198067586788e+00 -6.021091084613363620e-01 -3.169768379812801795e-01 -7.028609883718423858e-03 -1.166508165533253205e+00 -1.123679268428912775e-01 1.602881540241512415e+00 -5.416097118091385554e-03 5.762805167142312501e-02 1.979572099284119258e-01 -4.374613677408704243e-02 -3.087411403377707253e-02 -6.837709379211322214e-02 -6.642484165641802940e-02 -1.468156533947029829e-01 -3.282304259974050398e-02 -1.026598911205771486e-01 -1.906711266010675532e-01 2.026742422126892040e-01 -6.464595386187922677e-02 2.337303532581852528e-02 7.344519047158791503e-02 3.840870810605678809e-02 1.229994076587248575e-02 2.418043327531882794e-02 9.327926641969475074e-02 3.052680216985828240e-02 2.390819993875747951e-04 -1.679476681109034752e-01 -1.786476988386109244e-01 -7.735664987754430066e-02 -3.680830502752019395e-02 -6.165088916427642340e-01 5.136712265769676627e-02 -2.517118939513554240e-02 2.879358784305452446e-03 -3.655893335539038558e-02 -8.481215536489149220e-02 -6.869702328866808538e-02 -2.937919416418063173e-02 -2.781859452924922288e-02 2.043920009283888284e-01 3.148263418486382803e-02 -3.860624712716277662e-02 4.792701284275532186e-02 5.688742629034061471e-01 1.801980976350690822e-02 -3.765776806196473314e-02 4.994701053255239942e-01
2.371084980987717028e+00 -1.516028982919089322e+04 1.037752811476253312e+00 2.377151367069704520e+03 1.073128902803244671e+02 1.443288957642905075e+02 -1.875073510008429256e-04 8.818913141986330084e-03 -2.487835659038847239e-03 -2.590886035844376656e-02 2.240801195382708388e-01 2.966069600398039685e-01 -6.643050650768915488e-02 -2.928239139269017341e-03 -4.315630437045522849e-01 -6.400337221753198136e-02 -1.899844421137842077e-01 -5.245478069695433399e-02 -2.692292518548166421e-03 -4.356532984680905156e-03 2.401701653563409564e-03 -1.574814739389857748e-02 6.896251830945464290e-03 3.830760529655973662e-02 1.651041742119593037e-01 3.929921852665316240e-02 2.276132368999864708e-01 7.449362408506235433e-02 -3.560558536664601339e-03 6.279928816409334480e-02 -2.841149742066759187e-01 2.390924213967761669e-01 -4.764112616973877621e-04 6.755771060264105232e-01 5.121821059964351552e-03 -7.241091949603964961e-01 1.864299902161779127e-03 -1.970700421632105570e-01 -2.495643350267965355e-01 1.385247767814934937e-03 2.498357325463023693e-01 3.746426239666619251e-01 2.349291634539585893e-01 -5.712661948082340541e-02 6.155693202833044386e-02 -4.479698447830184893e-01 -2.732878444763863282e-02 7.247706485940923204e-02 3.426444841836544242e-02 8.706334030674965641e-03 -4.107632941176803110e-02 2.193192454420477833e-01 -4.340508793637157248e-01 9.262000314740875817e-01 2.815201854637807144e-01 -6.677448204775363050e-02 -8.759500893127359911e-01 -1.726819732678946603e-02 -2.477274482505036346e-01 2.670226519510622825e-03 -1.456439372064712717e-02 -1.169215782854777924e-01 2.044014633303077762e-03 1.267717308533164999e-01 -2.824308443857141996e-04 -5.000354753205689048e-03 -6.591813983900511598e-03 7.326772387579432583e-04 -5.027358642389044736e-03 7.848608976012383734e-03 2.197935375819444828e-04 -8.131840749577965224e-03 -3.202388371118497609e-04 3.242051686133083643e-03 1.342578070295442298e-03 4.031097912980168875e-03 1.739517242572465039e-04 -3.607419412864592504e-03 3.945682605043644389e-05 -1.391577717609766927e-03 -1.918124358055859268e-04 -1.549356577930692449e-03 1.283825255693144115e-03 3.211279973306623275e-03 1.882284525021594036e-03 2.305034256425692388e-03 -3.695731101895208259e-03 3.434238485786950210e-03 1.717484860685230467e-04 2.267656473629668656e-02 -2.814072479686896902e-03 1.439616175523308677e-03 -3.410177132892575329e-03 -8.862307609241519904e-03 -3.530438116465136906e-03 2.754538516702212652e-03 -2.585558572198046277e-03 4.521985308717054917e-04 4.720176138197838128e-03 -2.711313319699412694e-03 4.135450321502886530e-03 -5.566059768749932789e-04 -1.702907320052224338e-02 -3.675625301876918501e-03 7.486958887664678245e-04 1.411923950390724797e-02
8.817474515529585832e-02 -1.228086495526282249e+02 -8.867473630003255575e-04 -2.336155927491215678e+01 2.892579417624293603e-01 -1.875073510008429256e-04 2.873783319418905108e-02 -1.995068525607077408e-03 -5.751437892045350487e-06 -2.034643041453135931e-02 -1.296455261135225599e-03 -2.381268327343837553e-03 -1.202917877517061798e-03 -1.150287578409068912e-05 -1.498438474376230511e-03 -5.400561644452784877e-04 -5.956422601618182634e-04 -1.681443444657707486e-04 -1.206578079620592028e-04 -2.268701659835924047e-04 -4.249627445448906130e-04 -2.956109245343261824e-04 8.104874789205673011e-04 -1.629997577435712472e-04 9.908591670603442581e-04 -7.590636104567321813e-05 -7.524421934977178249e-04 -1.517217365575469282e-05 -4.026006524433005049e-05 1.311349985471962996e-04 1.486243318756476448e-03 1.489013501160347999e-03 7.546166706756085823e-05 -1.265943502034751937e-03 8.267237584011956911e-06 -7.733521573678665047e-04 3.761643820887719840e-05 4.289368153818905204e-04 6.664789900148154755e-03 2.656166492751189522e-04 -1.737267690326585630e-03 1.222059488057146079e-03 -6.081963067916054417e-04 -3.565253461852110374e-04 -1.176657288207575217e-03 -1.447601576397468349e-03 -1.100785559716102336e-04 8.264502712481212442e-04 2.527886073547363751e-04 -2.925619928288686333e-03 1.230107771312852379e-03 -5.956760829609476348e-04 -1.504189912267848896e-03 -6.748464475884354951e-04 1.846260020719084176e-03 -6.624086214437141333e-05 -1.842229059388273077e-03 1.186957548839758349e-03 -4.499012004386133533e-04 3.528219432640378574e-04 2.785549341567069345e-04 2.832485387062473690e-03 1.753586073712823346e-05 -3.481398125219730983e-03 1.534867577242571865e-05 -4.606708988365716250e-05 -3.616948971416961882e-05 2.472153607280786779e-05 -1.923873985803865571e-05 -5.583031502766165740e-05 -2.456742769006626837e-05 -1.044554156950471528e-05 4.586524923003805140e-05 3.126155812856828921e-06 3.670769119785865278e-05 -2.941563975025995149e-05 -1.593460952700960812e-05 -3.526906745141328747e-05 -8.216339845774326623e-07 -1.066084383769808744e-05 -1.797395785162763689e-05 -1.062004791405758884e-05 -3.861119013698779918e-05 -1.236250212320938653e-05 -2.208212777451855531e-05 -7.429953947476716000e-05 -6.717000711720893093e-05 4.033538534882195642e-05 2.019688783262546652e-05 -4.566625081619262068e-04 7.050744079384500883e-06 -1.150287578409258986e-05 -2.460822361371083612e-05 1.598762479446266479e-04 -2.070122973989668654e-05 -2.705272760562044259e-05 1.446239548430982799e-04 -9.818811891296478424e-06 -3.130087969214732110e-05 -5.303904568482977806e-05 -1.474861579876631880e-05 -1.312574579142810585e-05 7.205412962676159072e-04 -1.591421156516250449e-05 -1.142128393681937689e-05 -9.578944499618485299e-07
1.717637823630330518e-01 -1.393397154430464013e+02 -5.040343324674572030e-03 -2.835133910121405520e+01 1.012590487153190111e+00 8.818913141986330084e-03 -1.995068525607077408e-03 6.011713117957517144e-02 -1.424983119523369142e-05 -4.451741896888365690e-02 -2.460922841565689467e-03 -5.058737427050460748e-03 -2.557157953726538722e-03 -2.849966239045825521e-05 -3.485075969157210452e-03 -7.068102890037792317e-04 -9.748978849995607911e-04 -2.221886834812486023e-04 -2.227603787258437243e-04 -3.551357306019813326e-04 -2.964105525798860262e-04 -2.363820657275419947e-04 4.791336021508101929e-04 -3.413056900830829208e-05 3.236446583317495029e-03 -7.698410932583714069e-05 -4.900684614309203969e-03 6.818332513813999893e-03 3.674666022070144340e-05 -4.055761932906940459e-04 -2.138698288452869304e-03 2.827643671542230588e-03 -5.344721383424481080e-05 2.729390842913311140e-04 -1.028211309853041972e-04 -3.560252215567387152e-03 3.967910949534441752e-06 6.119698936034858802e-04 1.545759761340608027e-03 -1.694815535667925017e-05 -3.700321984917177669e-03 -2.046805453048065274e-03 -8.870145868986580246e-04 -9.872594137185892148e-04 -3.432623529011668336e-03 -1.196192517629537000e-04 -2.714094266998398662e-04 1.282141779019593461e-02 8.001831106018349529e-03 -7.030830401203104658e-03 -8.069571972076626000e-04 4.301065426203921731e-04 -3.499325800352130669e-03 -1.094157943481405965e-03 1.559542684790534130e-05 -4.845268340931028431e-04 -2.544911704076531413e-03 2.646707561814570873e-03 1.461293492990114453e-03 5.575103136453143579e-04 -8.115983564523203148e-04 2.952178587502959223e-03 -2.081951147789586846e-04 -2.489895429915898670e-03 -3.858253684691745648e-05 -3.219643972218628336e-05 -4.798273450300292992e-05 -1.065185228694810011e-04 -8.661305954853081208e-05 -3.330921031019229835e-05 -2.145461075540039809e-05 -1.244940253718495469e-05 -5.102055732441355078e-05 4.011900043254186711e-05 2.955694220061493200e-05 -2.817652705973021645e-05 -1.768632293489954808e-05 5.307996978529109133e-05 -2.035690170744945963e-06 9.032953607166058809e-06 -3.796033209408841024e-06 -2.234480367958985281e-05 -1.462515382326033903e-04 -2.444464537822749165e-05 -4.809835370995266371e-05 -8.541977410333850796e-05 -1.670055361351330790e-05 -9.312745972911876482e-05 2.263249104195490995e-06 -6.684121605426327460e-04 3.816076019125292393e-06 5.624207256354210054e-06 -2.420072311548502749e-05 -7.478252590229320671e-05 -1.891601451908441072e-05 -6.305860709451450324e-05 -4.700834724126421322e-05 -2.168216968886670090e-05 -1.422593709591276408e-04 -3.935711056416108054e-05 -3.389631071335334360e-05 2.925883094914505996e-06 2.371846603377050517e-03 -5.043713640170973620e-05 -2.300743767029029746e-05 -3.930381942269724638e-04
-3.889489585256644677e-03 8.482740760352353249e+00 2.433324229700209877e-05 -3.587852113947419264e-02 -1.258559469757782219e-02 -2.487835659038847239e-03 -5.751437892045350487e-06 -1.424983119523369142e-05 2.387919754658731134e-04 -1.712769620014963849e-04 -4.893014326071399028e-06 -1.761914369168547813e-05 -8.927605086159557188e-06 -1.502241240459008566e-07 -1.592375714887349499e-05 5.981372775792922163e-05 2.341503566125676612e-05 -3.830715163176410351e-06 -1.448589767585099898e-06 -3.111785426666937091e-06 2.829731969276672233e-05 -4.667678140004324223e-06 -7.650700031768061608e-06 -9.946983070761703281e-06 -3.000190363087671181e-05 -1.062299162897085296e-06 -5.150388105939306393e-05 -7.479015318579665060e-06 -5.257844341606865749e-07 -1.480780651312450425e-06 1.118403274530993409e-05 -4.312045519812374920e-06 -1.394938294713101025e-07 -4.627822760155659280e-05 -3.712681922850544223e-06 7.263029817779498309e-05 -9.378277458294235347e-06 -8.809571845842188495e-06 -3.149341457681357115e-05 -7.511206202295431934e-08 -3.081740601858976822e-05 -2.033390821907450131e-05 -8.412550946571139358e-06 -1.238275993921972786e-05 -1.694313513348123489e-05 -3.049549718134340613e-05 -1.416398883861277052e-06 -2.195418269985827375e-05 -4.152624000415123735e-06 -2.581708874677036985e-05 -6.287952620781303457e-06 -1.228618728804836541e-05 2.228682183167009071e-04 -7.058387771249817976e-05 -3.779056459292837416e-05 -9.142210977658281622e-06 1.224725164773342507e-04 -3.102128161551064874e-05 2.606541842120864300e-05 -2.693303938256209468e-06 -7.382442667407380194e-06 4.192632670180550605e-05 -2.360664806435351357e-06 -2.948991528975651160e-05 -1.180332403218628379e-07 -7.511206202294908097e-07 -5.365147287359861102e-07 -5.472450233106259127e-07 -6.974691473569274953e-07 -6.867388527818829169e-07 -2.360664806436331374e-07 -8.369629768277807824e-07 -5.901662016087948524e-07 -1.716847131954699087e-07 -8.798841551269212689e-07 -2.146058914941089781e-07 -5.901662016088354041e-07 -3.970208992643157540e-07 -1.073029457471695201e-08 -1.180332403218830873e-07 -1.287635348965115607e-07 -7.511206202295447816e-08 -5.901662016088878143e-07 -2.467967752184172532e-07 -1.824150077702538391e-07 -4.828632558625407169e-07 -6.652782636328442927e-07 -3.862906046900196880e-07 -1.394938294712453045e-07 -5.837280248647944129e-06 -3.111785426669142130e-07 -1.502241240459086122e-07 -2.789876589424852092e-07 -1.287635348965460720e-06 -4.828632558625571281e-07 -2.897179535175377815e-07 -9.764568062984263346e-07 -8.584235659773561608e-08 -5.365147287359853691e-07 -3.111785426669938870e-07 -1.502241240459212912e-07 -1.502241240459042447e-07 2.606388552198137228e-05 -5.687056124597846038e-07 -6.438176744824443807e-08 -4.302848124456998194e-06
-1.130729021938813306e+00 2.162579883341637924e+03 -4.358862898795510046e-03 -6.812741298720936811e+01 -3.512046772057658472e+00 -2.590886035844376656e-02 -2.034643041453135931e-02 -4.451741896888365690e-02 -1.712769620014963849e-04 2.099909011027245032e-01 -2.341865565717396805e-02 -5.390575499157167910e-02 -2.726520019407739984e-02 -3.425539240031184830e-04 -4.002360999049609652e-02 7.786803194353483087e-04 2.427331828928320102e-03 7.269918715642224513e-04 3.891552878059261421e-04 8.258804244488521240e-04 -8.768916242108061761e-04 6.918020232742908482e-04 -1.584474746642380459e-04 1.150371944447436349e-03 -2.992822902966439484e-03 -2.688535041758793615e-03 1.151840370331063887e-02 -8.041113986524852167e-03 1.660160518615192338e-04 -3.554837691472644695e-03 -3.619847334793008242e-04 -4.101893497043666327e-04 -2.209367478839893847e-05 -1.411944542032301901e-02 6.574758588056352519e-05 1.708097289469890159e-02 7.968746067421213219e-04 -3.391866642513608181e-03 5.480282509009997728e-03 -1.928635552931852264e-04 1.026497672234596287e-02 -2.124486731425859632e-03 -7.812601457430429219e-03 8.934565381786571323e-03 1.524056852900367541e-02 1.192522909130379512e-02 1.287093929133716584e-03 -1.476745786178352421e-02 -7.911620906498811195e-03 1.251505266774061848e-02 2.910735312947671481e-03 4.445413321653417064e-03 -4.019488695250757193e-02 -1.245054749798974771e-02 4.012050223853929828e-03 2.187514646805554640e-03 7.180554638411246193e-03 1.066599900129337058e-03 -1.996171911212928606e-03 -1.006141087291447835e-03 -1.449484568132106805e-04 -8.906315561952579457e-04 6.632517752094036238e-04 1.378469325090132987e-03 7.906510358888661685e-05 -2.502488581797682491e-04 -4.226754693566581818e-05 1.978647926527626964e-04 7.193252610664104213e-05 3.018027181953347412e-04 1.602036052766894845e-04 3.541245555000144631e-04 6.313613841274206965e-05 -4.883694107279483015e-05 -2.503254378550811849e-05 -8.194971091311136283e-05 3.980577528226253111e-04 8.775909431087681426e-05 9.655732218016047381e-06 -8.599288712754885619e-05 7.618355945170124561e-05 2.830345651246704205e-06 5.201342337728275434e-05 -1.107663752964284994e-04 1.927099598354246293e-04 -9.610756554347493178e-05 4.169133342477878519e-04 1.824610295654045681e-05 4.822746260414145341e-05 2.793067477152881214e-03 1.344714387988828566e-04 3.280864211179907011e-05 1.737519814383650229e-04 5.013819136978330676e-04 1.970554236029219619e-04 9.357338107113846422e-05 1.418983372847627844e-04 -5.119848593725036560e-08 -3.528703331757774143e-04 -3.132856628075487613e-04 -7.861228376510991924e-05 -2.290182082665422178e-05 -5.510683297218142186e-03 1.865403468607058067e-04 3.983575943522877445e-05 1.944961164703697554e-04
1.759325899868429410e-01 -4.301200041680250479e+02 4.742208030226920286e-03 9.086667176989212180e+01 9.340411433292157284e-01 2.240801195382708388e-01 -1.296455261135225599e-03 -2.460922841565689467e-03 -4.893014326071399028e-06 -2.341865565717396805e-02 3.306118172466392113e-02 -2.897786866190228336e-03 -1.462085680467934724e-03 -9.786028652143023368e-06 -1.510596375146966560e-03 -1.371581828685004161e-04 -4.284498406742113597e-04 -1.218456607984923912e-04 -4.262721157695615405e-05 -1.047376889462671386e-04 -4.986843601214019486e-05 -3.161750455345652957e-05 -2.181696750201896377e-04 -2.455418904660223696e-04 1.169096692357908312e-03 3.139511395386052018e-04 -7.980204789441655566e-04 -5.535337880807600884e-04 -3.425110028248224352e-05 1.328601670760984517e-03 -4.582804443404706778e-05 -4.942375117390864544e-04 -3.660315090906621698e-05 4.304078206016272862e-03 -1.537837327936131986e-04 -3.525000833473521458e-03 -1.959187505373281455e-04 1.014657734368978523e-04 -2.301851472563758248e-03 -7.644626756422748752e-06 -8.954949048734409762e-04 6.432515981276386297e-03 6.672649671837313111e-04 -9.502747795982498637e-04 -1.333716400114656449e-03 -1.411922502144451154e-03 -9.501988257910464093e-05 -1.082893072064071644e-03 -6.364588677113677210e-04 4.805863727465487650e-03 -9.923950855136186213e-04 -6.824836925341460281e-04 -1.515489389473362704e-03 5.231848036837215450e-03 -1.338130919207297827e-03 -4.051071594233802953e-04 -1.600828671352137397e-03 -1.006942623844231735e-03 -8.808386630097122345e-04 -2.007565970301920355e-04 3.342808407719699538e-04 -2.011748652533212195e-03 -5.195141277259108213e-05 1.930175821563370839e-03 -2.419869709450385323e-05 2.538276991108730549e-05 -5.035525642858448364e-05 -3.840071680598509729e-05 2.038958327561952988e-04 1.800838345170804292e-05 -2.638449474619924647e-05 -4.516280185967877991e-05 -4.724252131816484451e-05 -7.327899832341440667e-06 3.460894041681770615e-05 6.637866856601241407e-05 -4.669994985303065602e-05 5.956632252209823996e-09 -6.990020465821459546e-07 5.780710435087741680e-05 -2.214608671072466791e-05 2.097601802968614631e-05 9.586070261241653773e-05 5.393280906302627589e-06 -2.564109694363796621e-05 7.629430946208242610e-06 -7.085425119156159291e-05 -1.194858299031301400e-05 -1.459025146625965097e-05 -1.815596917852686917e-04 -2.577428421155921568e-05 -9.786028652141148037e-06 -2.367727807181807463e-05 -1.559647402440436062e-04 -2.759895918319267311e-05 4.111984674489828850e-05 -9.662853540312333614e-05 -1.109524123335492634e-05 1.285189290965667904e-04 1.690670044305234794e-04 8.708235542761467161e-05 2.158622856435522355e-05 -7.063938337538030153e-04 -1.392968854340650325e-05 1.892340764593218903e-05 6.818150298796130018e-04
4.702949864825892723e-01 -1.099514856610701599e+03 1.289365283192592596e-02 4.416467009836868129e+01 2.065312986236197190e+00 2.966069600398039685e-01 -2.381268327343837553e-03 -5.058737427050460748e-03 -1.761914369168547813e-05 -5.390575499157167910e-02 -2.897786866190228336e-03 7.164169174801707229e-02 -3.080090941151227869e-03 -3.523828738336954003e-05 -4.265195763658405879e-03 -5.064109643437144590e-05 -8.605539668619381806e-04 -4.388632768839704525e-04 5.120247964570947093e-05 -1.588407307770712249e-04 1.205569792305496036e-03 -1.482136105045069865e-04 -3.627120293113489814e-04 1.118977889768741924e-04 -8.501237836628529722e-04 3.180153019353794191e-04 1.906399785958811949e-03 -4.302757795696451480e-04 -1.233340058417939085e-04 2.353261879849338507e-03 -2.522788748823392383e-03 -1.515285197025734165e-03 4.716164238651257296e-06 1.402276074128357836e-02 2.627219268618463004e-05 -1.180838176397901347e-02 -7.126681774327083517e-04 -1.741395977710228065e-05 -7.346646122669659232e-03 -2.070017451158483814e-05 6.643080449684913430e-03 1.623733847843522853e-03 1.101453786352138420e-02 -2.630023017030682850e-03 -3.560238364417260114e-03 -2.354754035813753574e-03 -3.353277404344094333e-04 1.164312671432187873e-03 -1.370144736097105584e-03 3.042681418223559722e-03 -1.457301701325437217e-03 -1.303954510549415534e-04 -4.282814907352282090e-03 1.421707239191814104e-02 -3.401827728081073792e-03 -7.013582798202017479e-04 -6.639305527354563523e-03 -3.326476037611717645e-03 -1.481048190537062365e-04 -1.992593766660382960e-05 -4.486061179937012294e-04 -4.541188753808422622e-03 -3.236554597002937856e-04 5.333376269172136752e-03 -1.204954107380691643e-05 9.133505050166001549e-05 -7.893797218684939546e-05 7.329414016450190572e-05 1.055910602992750531e-05 -9.900363609870993357e-05 -3.357470523522292235e-05 -8.756139992771831292e-05 4.828596521131068062e-05 -5.915928163405288499e-06 -1.279747289804350355e-04 1.638784304208483825e-04 -1.476792214657400408e-04 -1.023728519728905130e-04 -2.517020527383411397e-06 3.355613025697549238e-06 -4.560940042810418440e-05 4.138550314228725785e-05 -1.664821263453609477e-05 1.968458307533083387e-04 -2.407063341820374390e-05 2.253568031719536567e-04 -1.186178416030673669e-04 5.250986249709411888e-05 -3.888332849578799875e-05 -5.652263882166595017e-04 -4.503178728709618893e-05 -1.114417736549349189e-06 -3.748072570495010605e-05 -3.226795565136394029e-04 -4.478565381068262853e-05 -8.954907405414216142e-06 -9.540188959658319617e-05 7.825643787950267418e-06 3.397915560345798566e-04 -9.432828040546311298e-05 6.097125991728275435e-05 -4.195448556450438622e-06 1.075601745936453912e-03 -4.335460229044505522e-05 6.697623202915741015e-06 -1.937240540618835139e-04
2.559496068374542133e-02 -2.426696641582543634e+02 -2.201406516871418865e-03 -1.983379694173927632e+01 -3.372220256455514820e-01 -6.643050650768915488e-02 -1.202917877517061798e-03 -2.557157953726538722e-03 -8.927605086159557188e-06 -2.726520019407739984e-02 -1.462085680467934724e-03 -3.080090941151227869e-03 3.775352286046802092e-02 -1.785521017232735770e-05 -2.159287398277751242e-03 -6.533946639049307724e-04 -8.741476492922191973e-04 -2.257226194308301743e-04 -1.473525964172597716e-04 -2.550653050165968983e-04 -4.644920444778767284e-04 -3.887987742692911378e-04 -1.785740932996597748e-04 -2.528838231594689439e-04 1.265890881851646811e-03 2.185092598133428227e-03 -4.297525942746525766e-03 3.006593084685002179e-03 -2.836936595632365084e-05 1.981404229055879060e-04 1.110609890392586082e-03 9.523009755423967552e-04 2.041989768544541641e-06 -9.534085400623436854e-04 9.232089272504240545e-05 2.334462797206810533e-04 1.231434014439357209e-04 -4.498449991390200253e-04 3.012165639069769568e-03 -1.047780927227656011e-05 -3.286769916533499418e-03 7.287665902118592529e-04 -6.833788299506535604e-04 -1.318154232217736560e-03 -1.945371118189551454e-03 3.606387765816202433e-05 -1.698993286680154050e-04 7.151487983496737817e-03 2.718899733279497334e-03 -4.124060058102330811e-03 6.751961660120519562e-04 -6.162536934311041870e-04 -2.168215003364522015e-03 -1.089970963083654060e-03 1.556899854238692846e-03 -4.847696784955773421e-04 -1.007241899567755221e-03 8.794712133156859122e-04 1.456114735933518442e-04 1.049088217809077735e-04 4.954629171245291059e-04 1.062857294029100931e-03 -2.510892394956680562e-04 -1.412139793438832837e-03 -2.333031882350896033e-05 -7.528545808194792488e-05 1.471948044193605910e-04 -6.659418409956928170e-05 -1.154534779941488538e-04 -8.472422630281055390e-05 -3.425900415811070315e-05 -1.134308657780063785e-04 -4.530344645166736609e-05 -3.334330883070687335e-06 2.480459879835221975e-06 -3.790907659222483720e-05 -7.479608109245786953e-05 1.640835699415129782e-05 -1.275372155165180530e-06 1.854457175390787426e-05 1.106838285426764001e-05 -1.357821764449623586e-05 2.121854688617439604e-04 -2.156316108593458973e-05 -2.943234756838720672e-05 -2.479870396944803442e-05 -2.632737618780084745e-05 -8.669742014600585663e-06 -1.968024638938764684e-05 -6.674102261415566610e-04 -5.962331225239996354e-06 1.626865947449171611e-05 -3.626008440655329536e-05 -1.297334631712336117e-04 -7.444399302969332438e-05 -3.908566074783528717e-05 1.834162233789283784e-06 2.082048403324007790e-05 -8.702167055003062778e-05 1.398537500310451152e-04 1.316825110227580458e-05 1.471845528838364600e-05 1.403563922133673489e-03 -3.967167132141502289e-05 -1.385304967545129583e-05 -1.049219415180932194e-04
5.222215164924490401e-03 -7.743919605383323024e+00 1.454261494720080230e-05 1.613089874088354525e-01 -2.517118939514787629e-02 -2.928239139269017341e-03 -1.150287578409068912e-05 -2.849966239045825521e-05 -1.502241240459008566e-07 -3.425539240031184830e-04 -9.786028652143023368e-06 -3.523828738336954003e-05 -1.785521017232735770e-05 4.774337268071788209e-04 -3.184751429774687479e-05 -1.686802307145040178e-05 -2.141766797114064125e-05 -7.661430326350848809e-06 -2.897179535171867181e-06 -6.223570853333775927e-06 2.247076973866291529e-05 -9.335356280006281836e-06 1.882246958324556595e-05 -1.989396614152381991e-05 -6.000380726176979506e-05 -2.124598325793473484e-06 1.358593254089340125e-04 -1.495803063715754288e-05 -1.051568868321695234e-06 -2.961561302622962414e-06 -1.175580415620888213e-05 -7.687183033325273307e-05 -2.789876589426312165e-07 1.121867626778583947e-04 2.669850580110664698e-05 -5.948262152531850002e-05 -1.875655491660038675e-05 1.650472595513322976e-05 3.938477978687474827e-05 -1.502241240459455640e-07 -2.751094239035323236e-05 -4.066781643815710025e-05 1.879181159876424495e-04 9.358349768378433937e-06 2.375993798626543861e-07 -2.686712471587762502e-05 -2.832797767724275699e-06 -4.390836539972965279e-05 -8.305248000830322010e-06 -5.163417749353610474e-05 -1.257590524156261708e-05 9.551495070720982647e-06 -3.199773842181605590e-05 -4.672276837675106303e-06 -1.438288684794705014e-04 -1.828442195530917373e-05 7.432568472057208880e-05 6.205176062623543400e-06 8.625470648923842657e-05 -5.386607876509134990e-06 1.935898431200619722e-05 -1.851895553672412817e-05 -4.721329612873903652e-06 9.267908714114377272e-06 -2.360664806436308875e-07 -1.502241240459116721e-06 -1.073029457471971162e-06 -1.094490046620649162e-06 -1.394938294713368582e-06 -1.373477705563791457e-06 -4.721329612872799333e-07 -1.673925953655559659e-06 -1.180332403218422762e-06 -3.433694263909473347e-07 -1.759768310253825174e-06 -4.292117829883200766e-07 -1.180332403218460455e-06 -7.940417985286748125e-07 -2.146058914943355991e-08 -2.360664806436479076e-07 -2.575270697932080923e-07 -1.502241240459469669e-07 -1.180332403218458125e-06 -4.935935504368329182e-07 -3.648300155404133400e-07 -9.657265117247678198e-07 -1.330556527265316314e-06 -7.725812093798567345e-07 -2.789876589426306871e-07 -1.167456049729322180e-05 -6.223570853334796602e-07 -3.004482480919126744e-07 -5.579753178853055258e-07 3.154859894890343750e-05 -9.657265117247997953e-07 -5.794359070349496727e-07 -1.952913612597495144e-06 -1.716847131954689822e-07 -1.073029457471990855e-06 -6.223570853337360994e-07 -3.004482480919068511e-07 -3.004482480918953103e-07 1.800390139714187505e-05 -1.137411224919555020e-06 -1.287635348965836115e-07 -8.605696248916244414e-06
